version https://git-lfs.github.com/spec/v1
oid sha256:8476ce3b8e365bd1a0581ad02c37099710485c9bbf14f93dd23703fbf732d0ab
size 3154
