version https://git-lfs.github.com/spec/v1
oid sha256:d2479361e002330e93e79928b01969e3dafa1bd40c10612e88cf897df16e1c64
size 3198
